    7.038093e-01	    4.892019e+02	    5.316191e+00	    1.074819e+02	
    8.676430e-01	    3.845749e+02	    5.152357e+00	    2.122728e+02	
    1.117470e+00	    2.840867e+02	    4.902530e+00	    3.130108e+02	
    1.528732e+00	    1.901930e+02	    4.491268e+00	    4.073157e+02	
    2.259441e+00	    1.076795e+02	    3.760559e+00	    4.905599e+02	
    3.532508e+00	    4.548254e+01	    2.487492e+00	    5.540300e+02	
    5.026516e+00	    1.273117e+01	    9.934835e-01	    5.882753e+02	
    5.784015e+00	    2.623594e+00	    2.359853e-01	    5.991404e+02	
    5.974771e+00	    4.865671e-01	    4.522917e-02	    6.014682e+02	
    6.011749e+00	    8.820611e-02	    8.250716e-03	    6.019035e+02	
CPU Time:	    7.834766e+00
