0.0000000000000000e+00	6.0199999999999996e+00	6.0200000000000000e+02	0.0000000000000000e+00	0.0000000000000000e+00	
2.0000000000000000e+03	7.0380930551113963e-01	4.8920191701671922e+02	5.3161906944888662e+00	1.0748189219702846e+02	
4.0000000000000000e+03	8.6764299874819495e-01	3.8457489206249954e+02	5.1523570012518096e+00	2.1227275084448507e+02	
6.0000000000000000e+03	1.1174699301867150e+00	2.8408668529406242e+02	4.9025300698132890e+00	3.1301078454436066e+02	
8.0000000000000000e+03	1.5287321513187806e+00	1.9019304844467425e+02	4.4912678486812228e+00	4.0731568361488087e+02	
1.0000000000000000e+04	2.2594408671444648e+00	1.0767949875747892e+02	3.7605591328555357e+00	4.9055994201790173e+02	
1.2000000000000000e+04	3.5325082429382020e+00	4.5482538527008003e+01	2.4874917570617985e+00	5.5402996962416626e+02	
1.4000000000000000e+04	5.0265164971689194e+00	1.2731172189694208e+01	9.9348350283107645e-01	5.8827534421571067e+02	
1.6000000000000000e+04	5.7840147371018391e+00	2.6235936456659896e+00	2.3598526289815849e-01	5.9914042099967196e+02	
1.8000000000000000e+04	5.9747708325013020e+00	4.8656706611294565e-01	4.5229167498699749e-02	6.0146820367462453e+02	
2.0000000000000000e+04	6.0117492838554751e+00	8.8206111716483668e-02	8.2507161445249163e-03	6.0190354308037524e+02	
